_G.Color = Color3.fromRGB(3, 174, 255)
_G.Logo = 7743878857


local Evil = loadstring(game:HttpGet("https://newpchx2.0xlii.repl.co/AllUI/Protected_9405524596134885.lua"))()
local Win = library:Evil("Xonic ","Hub",_G.Logo )

local tab1 = Win:CraftTab('เมนู')
local page1 = tab1:CraftPage('Main',1)

local player = page1:Label('ออโต้ ฟาร์ม')

local placeId = game.PlaceId
if game.PlaceId == 2753915549 then
	World1 = true
	elseif placeId == 4442272183 then
	World2 = true
	elseif game.PlaceId == 7449423635 then
        World3 = true
    end
    
    function CheckQuest() 
	local MyLevel = game.Players.LocalPlayer.Data.Level.Value
    if World1 then
		if MyLevel == 1 or MyLevel <= 9 or _G.Select_Mob_Farm == "Bandit [Lv. 5]" then -- Bandit
			Ms = "Bandit [Lv. 5]"
			NameQuest = "BanditQuest1"
			LevelQuest = 1
			NameMon = "Bandit"
			CFrameQuest = CFrame.new(1061.66699, 16.5166187, 1544.52905, -0.942978859, -3.33851502e-09, 0.332852632, 7.04340497e-09, 1, 2.99841325e-08, -0.332852632, 3.06188177e-08, -0.942978859)
			CFrameMon = CFrame.new(1199.31287, 52.2717781, 1536.91516, -0.929782331, 6.60215846e-08, -0.368109822, 3.9077392e-08, 1, 8.06501603e-08, 0.368109822, 6.06023249e-08, -0.929782331)
			SPAWNPOINT = "Default"
        elseif MyLevel == 10 or MyLevel <= 14 or _G.Select_Mob_Farm == "Monkey [Lv. 14]" then -- Monkey
			Ms = "Monkey [Lv. 14]"
			NameQuest = "JungleQuest"
			LevelQuest = 1
			NameMon = "Monkey"
			CFrameQuest = CFrame.new(-1604.12012, 36.8521118, 154.23732, 0.0648873374, -4.70858913e-06, -0.997892559, 1.41431883e-07, 1, -4.70933674e-06, 0.997892559, 1.64442184e-07, 0.0648873374)
			CFrameMon = CFrame.new(-1502.74609, 98.5633316, 90.6417007, 0.836947978, 0, 0.547282517, -0, 1, -0, -0.547282517, 0, 0.836947978)
			SPAWNPOINT = "Jungle"
		elseif MyLevel == 15 or MyLevel <= 29 or _G.Select_Mob_Farm == "Gorilla [Lv. 20]" then -- Gorilla
			Ms = "Gorilla [Lv. 20]"
			NameQuest = "JungleQuest"
			LevelQuest = 2
			NameMon = "Gorilla"
			CFrameQuest = CFrame.new(-1604.12012, 36.8521118, 154.23732, 0.0648873374, -4.70858913e-06, -0.997892559, 1.41431883e-07, 1, -4.70933674e-06, 0.997892559, 1.64442184e-07, 0.0648873374)
			CFrameMon = CFrame.new(-1223.52808, 6.27936459, -502.292664, 0.310949147, -5.66602516e-08, 0.950426519, -3.37275488e-08, 1, 7.06501808e-08, -0.950426519, -5.40241736e-08, 0.310949147)
			SPAWNPOINT = "Jungle"
		elseif MyLevel == 30 or MyLevel <= 39 or _G.Select_Mob_Farm == "Pirate [Lv. 35]" then -- Pirate
			Ms = "Pirate [Lv. 35]"
			NameQuest = "BuggyQuest1"
			LevelQuest = 1
			NameMon = "Pirate"
			CFrameQuest = CFrame.new(-1139.59717, 4.75205183, 3825.16211, -0.959730506, -7.5857054e-09, 0.280922383, -4.06310328e-08, 1, -1.11807175e-07, -0.280922383, -1.18718916e-07, -0.959730506)
			CFrameMon = CFrame.new(-1219.32324, 4.75205183, 3915.63452, -0.966492832, -6.91238853e-08, 0.25669381, -5.21195496e-08, 1, 7.3047012e-08, -0.25669381, 5.72206496e-08, -0.966492832)
			SPAWNPOINT = "Pirate"
		elseif MyLevel == 40 or MyLevel <= 59 or _G.Select_Mob_Farm == "Brute [Lv. 45]" then -- Brute
			Ms = "Brute [Lv. 45]"
			NameQuest = "BuggyQuest1"
			LevelQuest = 2
			NameMon = "Brute"
			CFrameQuest = CFrame.new(-1139.59717, 4.75205183, 3825.16211, -0.959730506, -7.5857054e-09, 0.280922383, -4.06310328e-08, 1, -1.11807175e-07, -0.280922383, -1.18718916e-07, -0.959730506)
			CFrameMon = CFrame.new(-1146.49646, 96.0936813, 4312.1333, -0.978175163, -1.53222057e-08, 0.207781896, -3.33316912e-08, 1, -8.31738873e-08, -0.207781896, -8.82843523e-08, -0.978175163)
			SPAWNPOINT = "Pirate"
		elseif MyLevel == 60 or MyLevel <= 74 or _G.Select_Mob_Farm == "Desert Bandit [Lv. 60]" then -- Desert Bandit
			Ms = "Desert Bandit [Lv. 60]"
			NameQuest = "DesertQuest"
			LevelQuest = 1
			NameMon = "Desert Bandit"
			CFrameQuest = CFrame.new(897.031128, 6.43846416, 4388.97168, -0.804044724, 3.68233266e-08, 0.594568789, 6.97835176e-08, 1, 3.24365246e-08, -0.594568789, 6.75715199e-08, -0.804044724)
			CFrameMon = CFrame.new(932.788818, 6.4503746, 4488.24609, -0.998625934, 3.08948351e-08, 0.0524050146, 2.79967303e-08, 1, -5.60361286e-08, -0.0524050146, -5.44919629e-08, -0.998625934)
			SPAWNPOINT = "Desert"
		elseif MyLevel == 75 or MyLevel <= 89 or _G.Select_Mob_Farm == "Desert Officer [Lv. 70]" then -- Desert Officre
			Ms = "Desert Officer [Lv. 70]"
			NameQuest = "DesertQuest"
			LevelQuest = 2
			NameMon = "Desert Officer"
			CFrameQuest = CFrame.new(897.031128, 6.43846416, 4388.97168, -0.804044724, 3.68233266e-08, 0.594568789, 6.97835176e-08, 1, 3.24365246e-08, -0.594568789, 6.75715199e-08, -0.804044724)
			CFrameMon = CFrame.new(1580.03198, 4.61375761, 4366.86426, 0.135744005, -6.44280718e-08, -0.990743816, 4.35738308e-08, 1, -5.90598574e-08, 0.990743816, -3.51534837e-08, 0.135744005)
			SPAWNPOINT = "Desert"
		elseif MyLevel == 90 or MyLevel <= 99 or _G.Select_Mob_Farm == "Snow Bandit [Lv. 90]" then -- Snow Bandits
			Ms = "Snow Bandit [Lv. 90]"
			NameQuest = "SnowQuest"
			LevelQuest = 1
			NameMon = "Snow Bandits"
			CFrameQuest = CFrame.new(1384.14001, 87.272789, -1297.06482, 0.348555952, -2.53947841e-09, -0.937287986, 1.49860568e-08, 1, 2.86358204e-09, 0.937287986, -1.50443711e-08, 0.348555952)
			CFrameMon = CFrame.new(1370.24316, 102.403511, -1411.52905, 0.980274439, -1.12995728e-08, 0.197641045, -9.57343449e-09, 1, 1.04655214e-07, -0.197641045, -1.04482936e-07, 0.980274439)
			SPAWNPOINT = "Ice"
		elseif MyLevel == 100 or MyLevel <= 119 or _G.Select_Mob_Farm == "Snowman [Lv. 100]"  then -- Snowman
			Ms = "Snowman [Lv. 100]"
			NameQuest = "SnowQuest"
			LevelQuest = 2
			NameMon = "Snowman"
			CFrameQuest = CFrame.new(1384.14001, 87.272789, -1297.06482, 0.348555952, -2.53947841e-09, -0.937287986, 1.49860568e-08, 1, 2.86358204e-09, 0.937287986, -1.50443711e-08, 0.348555952)
			CFrameMon = CFrame.new(1370.24316, 102.403511, -1411.52905, 0.980274439, -1.12995728e-08, 0.197641045, -9.57343449e-09, 1, 1.04655214e-07, -0.197641045, -1.04482936e-07, 0.980274439)
			SPAWNPOINT = "Ice"
		elseif MyLevel == 120 or MyLevel <= 149 or _G.Select_Mob_Farm == "Chief Petty Officer [Lv. 120]" then -- Chief Petty Officer
			Ms = "Chief Petty Officer [Lv. 120]"
			NameQuest = "MarineQuest2"
			LevelQuest = 1
			NameMon = "Chief Petty Officer"
			CFrameQuest = CFrame.new(-5035.0835, 28.6520386, 4325.29443, 0.0243340395, -7.08064647e-08, 0.999703884, -6.36926814e-08, 1, 7.23777944e-08, -0.999703884, -6.54350671e-08, 0.0243340395)
			CFrameMon = CFrame.new(-4882.8623, 22.6520386, 4255.53516, 0.273695946, -5.40380647e-08, -0.96181643, 4.37720793e-08, 1, -4.37274998e-08, 0.96181643, -3.01326679e-08, 0.273695946)
			SPAWNPOINT = "MarineBase"
		elseif MyLevel == 150 or MyLevel <= 174 or _G.Select_Mob_Farm == "Sky Bandit [Lv. 150]" then -- Sky Bandit
			Ms = "Sky Bandit [Lv. 150]"
			NameQuest = "SkyQuest"
			LevelQuest = 1
			NameMon = "Sky Bandit"
			CFrameQuest = CFrame.new(-4841.83447, 717.669617, -2623.96436, -0.875942111, 5.59710216e-08, -0.482416272, 3.04023082e-08, 1, 6.08195947e-08, 0.482416272, 3.86078725e-08, -0.875942111)
			CFrameMon = CFrame.new(-4970.74219, 294.544342, -2890.11353, -0.994874597, -8.61311236e-08, -0.101116329, -9.10836206e-08, 1, 4.43614923e-08, 0.101116329, 5.33441664e-08, -0.994874597)
			SPAWNPOINT = "Sky"
		elseif MyLevel == 175 or MyLevel <= 189 or _G.Select_Mob_Farm == "Dark Master [Lv. 175]" then -- Dark Master
			Ms = "Dark Master [Lv. 175]"
			NameQuest = "SkyQuest"
			LevelQuest = 2
			NameMon = "Dark Master"
			CFrameQuest = CFrame.new(-4841.83447, 717.669617, -2623.96436, -0.875942111, 5.59710216e-08, -0.482416272, 3.04023082e-08, 1, 6.08195947e-08, 0.482416272, 3.86078725e-08, -0.875942111)
			CFrameMon = CFrame.new(-5220.58594, 430.693298, -2278.17456, -0.925375521, 1.12086873e-08, 0.379051805, -1.05115507e-08, 1, -5.52320891e-08, -0.379051805, -5.50948407e-08, -0.925375521)
			SPAWNPOINT = "Sky"
		elseif MyLevel == 190 or MyLevel <= 209 or _G.Select_Mob_Farm == "Prisoner [Lv. 190]" then
			Ms = "Prisoner [Lv. 190]"
			NameQuest = "PrisonerQuest"
			LevelQuest = 1
			NameMon = "Prisoner"
			CFrameQuest = CFrame.new(5308.93115, 1.65517521, 475.120514, -0.0894274712, -5.00292918e-09, -0.995993316, 1.60817859e-09, 1, -5.16744869e-09, 0.995993316, -2.06384709e-09, -0.0894274712)
			CFrameMon = CFrame.new(5433.39307, 88.678093, 514.986877, 0.879988372, 0, -0.474995494, 0, 1, 0, 0.474995494, 0, 0.879988372)
			SPAWNPOINT = "Prison"
		elseif MyLevel == 210 or MyLevel <= 249 or _G.Select_Mob_Farm == "Dangerous Prisoner [Lv. 210]" then
			Ms = "Dangerous Prisoner [Lv. 210]"
			NameQuest = "PrisonerQuest"
			LevelQuest = 2
			NameMon = "Dangerous Prisoner"
			CFrameQuest = CFrame.new(5308.93115, 1.65517521, 475.120514, -0.0894274712, -5.00292918e-09, -0.995993316, 1.60817859e-09, 1, -5.16744869e-09, 0.995993316, -2.06384709e-09, -0.0894274712)
			CFrameMon = CFrame.new(5433.39307, 88.678093, 514.986877, 0.879988372, 0, -0.474995494, 0, 1, 0, 0.474995494, 0, 0.879988372)
			SPAWNPOINT = "Prison"
		elseif MyLevel == 250 or MyLevel <= 274 or _G.Select_Mob_Farm == "Toga Warrior [Lv. 225]" then -- Toga Warrior
			Ms = "Toga Warrior [Lv. 250]"
			NameQuest = "ColosseumQuest"
			LevelQuest = 1
			NameMon = "Toga Warrior"
			CFrameQuest = CFrame.new(-1576.11743, 7.38933945, -2983.30762, 0.576966345, 1.22114863e-09, 0.816767931, -3.58496594e-10, 1, -1.24185606e-09, -0.816767931, 4.2370063e-10, 0.576966345)
			CFrameMon = CFrame.new(-1779.97583, 44.6077499, -2736.35474, 0.984437346, 4.10396339e-08, 0.175734788, -3.62286876e-08, 1, -3.05844168e-08, -0.175734788, 2.3741821e-08, 0.984437346)
			SPAWNPOINT = "Colosseum"
		elseif MyLevel == 275 or MyLevel <= 299 or _G.Select_Mob_Farm == "Gladiator [Lv. 275]" then -- Gladiato
			Ms = "Gladiator [Lv. 275]"
			NameQuest = "ColosseumQuest"
			LevelQuest = 2
			NameMon = "Gladiato"
			CFrameQuest = CFrame.new(-1576.11743, 7.38933945, -2983.30762, 0.576966345, 1.22114863e-09, 0.816767931, -3.58496594e-10, 1, -1.24185606e-09, -0.816767931, 4.2370063e-10, 0.576966345)
			CFrameMon = CFrame.new(-1274.75903, 58.1895943, -3188.16309, 0.464524001, 6.21005611e-08, 0.885560572, -4.80449414e-09, 1, -6.76054768e-08, -0.885560572, 2.71497012e-08, 0.464524001)
			SPAWNPOINT = "Colosseum"
			elseif MyLevel == 300 or MyLevel <= 324 then
                Mon = "Military Soldier"
                LevelQuest = 1
                NameQuest = "MagmaQuest"
                NameMon = "Military Soldier"
                CFrameQuest = CFrame.new(-5313.37012, 10.9500084, 8515.29395, -0.499959469, 0, 0.866048813, 0, 1, 0, -0.866048813, 0, -0.499959469)
                CFrameMon = CFrame.new(-5411.16455078125, 11.081554412841797, 8454.29296875)
            elseif MyLevel == 325 or MyLevel <= 374 then
                Mon = "Military Spy"
                LevelQuest = 2
                NameQuest = "MagmaQuest"
                NameMon = "Military Spy"
                CFrameQuest = CFrame.new(-5313.37012, 10.9500084, 8515.29395, -0.499959469, 0, 0.866048813, 0, 1, 0, -0.866048813, 0, -0.499959469)
                CFrameMon = CFrame.new(-5802.8681640625, 86.26241302490234, 8828.859375)
		elseif MyLevel == 375 or MyLevel <= 399 then
                Mon = "Fishman Warrior"
                LevelQuest = 1
                NameQuest = "FishmanQuest"
                NameMon = "Fishman Warrior"
                CFrameQuest = CFrame.new(61122.65234375, 18.497442245483, 1569.3997802734)
                CFrameMon = CFrame.new(60878.30078125, 18.482830047607422, 1543.7574462890625)
                if _G.AutoFarm and (CFrameQuest.Position - game.Players.LocalPlayer.Character.HumanoidRootPart.Position).Magnitude > 10000 then
                    game:GetService("ReplicatedStorage").Remotes.CommF_:InvokeServer("requestEntrance",Vector3.new(61163.8515625, 11.6796875, 1819.7841796875))
                end
            elseif MyLevel == 400 or MyLevel <= 449 then
                Mon = "Fishman Commando"
                LevelQuest = 2
                NameQuest = "FishmanQuest"
                NameMon = "Fishman Commando"
                CFrameQuest = CFrame.new(61122.65234375, 18.497442245483, 1569.3997802734)
                CFrameMon = CFrame.new(61922.6328125, 18.482830047607422, 1493.934326171875)
                if _G.AutoFarm and (CFrameQuest.Position - game.Players.LocalPlayer.Character.HumanoidRootPart.Position).Magnitude > 10000 then
                    game:GetService("ReplicatedStorage").Remotes.CommF_:InvokeServer("requestEntrance",Vector3.new(61163.8515625, 11.6796875, 1819.7841796875))
                end
            elseif MyLevel == 450 or MyLevel <= 474 then
                Mon = "God's Guard"
                LevelQuest = 1
                NameQuest = "SkyExp1Quest"
                NameMon = "God's Guard"
                CFrameQuest = CFrame.new(-4721.88867, 843.874695, -1949.96643, 0.996191859, -0, -0.0871884301, 0, 1, -0, 0.0871884301, 0, 0.996191859)
                CFrameMon = CFrame.new(-4710.04296875, 845.2769775390625, -1927.3079833984375)
                if _G.AutoFarm and (CFrameQuest.Position - game.Players.LocalPlayer.Character.HumanoidRootPart.Position).Magnitude > 10000 then
                    game:GetService("ReplicatedStorage").Remotes.CommF_:InvokeServer("requestEntrance",Vector3.new(-4607.82275, 872.54248, -1667.55688))
                end
            elseif MyLevel == 475 or MyLevel <= 524 then
                Mon = "Shanda"
                LevelQuest = 2
                NameQuest = "SkyExp1Quest"
                NameMon = "Shanda"
                CFrameQuest = CFrame.new(-7859.09814, 5544.19043, -381.476196, -0.422592998, 0, 0.906319618, 0, 1, 0, -0.906319618, 0, -0.422592998)
                CFrameMon = CFrame.new(-7678.48974609375, 5566.40380859375, -497.2156066894531)
                if _G.AutoFarm and (CFrameQuest.Position - game.Players.LocalPlayer.Character.HumanoidRootPart.Position).Magnitude > 10000 then
                    game:GetService("ReplicatedStorage").Remotes.CommF_:InvokeServer("requestEntrance",Vector3.new(-7894.6176757813, 5547.1416015625, -380.29119873047))
                end
            elseif MyLevel == 525 or MyLevel <= 549 then
                Mon = "Royal Squad"
                LevelQuest = 1
                NameQuest = "SkyExp2Quest"
                NameMon = "Royal Squad"
                CFrameQuest = CFrame.new(-7906.81592, 5634.6626, -1411.99194, 0, 0, -1, 0, 1, 0, 1, 0, 0)
                CFrameMon = CFrame.new(-7624.25244140625, 5658.13330078125, -1467.354248046875)
            elseif MyLevel == 550 or MyLevel <= 624 then
                Mon = "Royal Soldier"
                LevelQuest = 2
                NameQuest = "SkyExp2Quest"
                NameMon = "Royal Soldier"
                CFrameQuest = CFrame.new(-7906.81592, 5634.6626, -1411.99194, 0, 0, -1, 0, 1, 0, 1, 0, 0)
                CFrameMon = CFrame.new(-7836.75341796875, 5645.6640625, -1790.6236572265625)
                elseif MyLevel == 625 or MyLevel <= 649 then
                Mon = "Galley Pirate [Lv. 625]"
                LevelQuest = 1
                NameQuest = "FountainQuest"
                NameMon = "Galley Pirate"
                CFrameQuest = CFrame.new(5259.81982, 37.3500175, 4050.0293, 0.087131381, 0, 0.996196866, 0, 1, 0, -0.996196866, 0, 0.087131381)
                CFrameMon = CFrame.new(5551.02197265625, 78.90135192871094, 3930.412841796875)
            elseif MyLevel >= 650 then
                Mon = "Galley Captain [Lv. 650]"
                LevelQuest = 2
                NameQuest = "FountainQuest"
                NameMon = "Galley Captain"
                CFrameQuest = CFrame.new(5259.81982, 37.3500175, 4050.0293, 0.087131381, 0, 0.996196866, 0, 1, 0, -0.996196866, 0, 0.087131381)
                CFrameMon = CFrame.new(5441.95166015625, 42.50205993652344, 4950.09375)
            end
        elseif World2 then
            if MyLevel == 700 or MyLevel <= 724 then
                Mon = "Raider [Lv. 700]"
                LevelQuest = 1
                NameQuest = "Area1Quest"
                NameMon = "Raider"
                CFrameQuest = CFrame.new(-429.543518, 71.7699966, 1836.18188, -0.22495985, 0, -0.974368095, 0, 1, 0, 0.974368095, 0, -0.22495985)
                CFrameMon = CFrame.new(-728.3267211914062, 52.779319763183594, 2345.7705078125)
            elseif MyLevel == 725 or MyLevel <= 774 then
                Mon = "Mercenary [Lv. 725]"
                LevelQuest = 2
                NameQuest = "Area1Quest"
                NameMon = "Mercenary"
                CFrameQuest = CFrame.new(-429.543518, 71.7699966, 1836.18188, -0.22495985, 0, -0.974368095, 0, 1, 0, 0.974368095, 0, -0.22495985)
                CFrameMon = CFrame.new(-1004.3244018554688, 80.15886688232422, 1424.619384765625)
            elseif MyLevel == 775 or MyLevel <= 799 then
                Mon = "Swan Pirate [Lv. 775]"
                LevelQuest = 1
                NameQuest = "Area2Quest"
                NameMon = "Swan Pirate"
                CFrameQuest = CFrame.new(638.43811, 71.769989, 918.282898, 0.139203906, 0, 0.99026376, 0, 1, 0, -0.99026376, 0, 0.139203906)
                CFrameMon = CFrame.new(1068.664306640625, 137.61428833007812, 1322.1060791015625)
            elseif MyLevel == 800 or MyLevel <= 874 then
                Mon = "Factory Staff [Lv. 800]"
                NameQuest = "Area2Quest"
                LevelQuest = 2
                NameMon = "Factory Staff"
                CFrameQuest = CFrame.new(632.698608, 73.1055908, 918.666321, -0.0319722369, 8.96074881e-10, -0.999488771, 1.36326533e-10, 1, 8.92172336e-10, 0.999488771, -1.07732087e-10, -0.0319722369)
                CFrameMon = CFrame.new(73.07867431640625, 81.86344146728516, -27.470672607421875)
            elseif MyLevel == 875 or MyLevel <= 899 then
                Mon = "Marine Lieutenant [Lv. 875]"
                LevelQuest = 1
                NameQuest = "MarineQuest3"
                NameMon = "Marine Lieutenant"
                CFrameQuest = CFrame.new(-2440.79639, 71.7140732, -3216.06812, 0.866007268, 0, 0.500031412, 0, 1, 0, -0.500031412, 0, 0.866007268)
                CFrameMon = CFrame.new(-2821.372314453125, 75.89727783203125, -3070.089111328125)
            elseif MyLevel == 900 or MyLevel <= 949 then
                Mon = "Marine Captain [Lv. 900]"
                LevelQuest = 2
                NameQuest = "MarineQuest3"
                NameMon = "Marine Captain"
                CFrameQuest = CFrame.new(-2440.79639, 71.7140732, -3216.06812, 0.866007268, 0, 0.500031412, 0, 1, 0, -0.500031412, 0, 0.866007268)
                CFrameMon = CFrame.new(-1861.2310791015625, 80.17658233642578, -3254.697509765625)
		elseif MyLevel == 950 or MyLevel <= 974 then
                Mon = "Zombie [Lv. 950]"
                LevelQuest = 1
                NameQuest = "ZombieQuest"
                NameMon = "Zombie"
                CFrameQuest = CFrame.new(-5497.06152, 47.5923004, -795.237061, -0.29242146, 0, -0.95628953, 0, 1, 0, 0.95628953, 0, -0.29242146)
                CFrameMon = CFrame.new(-5657.77685546875, 78.96973419189453, -928.68701171875)
            elseif MyLevel == 975 or MyLevel <= 999 then
                Mon = "Vampire [Lv. 975]"
                LevelQuest = 2
                NameQuest = "ZombieQuest"
                NameMon = "Vampire"
                CFrameQuest = CFrame.new(-5497.06152, 47.5923004, -795.237061, -0.29242146, 0, -0.95628953, 0, 1, 0, 0.95628953, 0, -0.29242146)
                CFrameMon = CFrame.new(-6037.66796875, 32.18463897705078, -1340.6597900390625)
            elseif MyLevel == 1000 or MyLevel <= 1049 then
                Mon = "Snow Trooper [Lv. 1000]"
                LevelQuest = 1
                NameQuest = "SnowMountainQuest"
                NameMon = "Snow Trooper"
                CFrameQuest = CFrame.new(609.858826, 400.119904, -5372.25928, -0.374604106, 0, 0.92718488, 0, 1, 0, -0.92718488, 0, -0.374604106)
                CFrameMon = CFrame.new(549.1473388671875, 427.3870544433594, -5563.69873046875)
            elseif MyLevel == 1050 or MyLevel <= 1099 then
                Mon = "Winter Warrior [Lv. 1050]"
                LevelQuest = 2
                NameQuest = "SnowMountainQuest"
                NameMon = "Winter Warrior"
                CFrameQuest = CFrame.new(609.858826, 400.119904, -5372.25928, -0.374604106, 0, 0.92718488, 0, 1, 0, -0.92718488, 0, -0.374604106)
                CFrameMon = CFrame.new(1142.7451171875, 475.6398010253906, -5199.41650390625)
            elseif MyLevel == 1100 or MyLevel <= 1124 then
                Mon = "Lab Subordinate [Lv. 1100]"
                LevelQuest = 1
                NameQuest = "IceSideQuest"
                NameMon = "Lab Subordinate"
                CFrameQuest = CFrame.new(-6064.06885, 15.2422857, -4902.97852, 0.453972578, -0, -0.891015649, 0, 1, -0, 0.891015649, 0, 0.453972578)
                CFrameMon = CFrame.new(-5707.4716796875, 15.951709747314453, -4513.39208984375)
                elseif MyLevel == 1125 or MyLevel <= 1174 or _G.Select_Mob_Farm == "Horned Warrior [Lv. 1125]" then -- Horned Warrior [Lv. 1125]
			Ms = "Horned Warrior [Lv. 1125]"
			NameQuest = "IceSideQuest"
			LevelQuest = 2
			NameMon = "Horned Warrior"
			CFrameQuest = CFrame.new(-6060.10693, 15.9868021, -4904.7876, -0.411000341, -5.06538868e-07, 0.91163528, 1.26306062e-07, 1, 6.12581289e-07, -0.91163528, 3.66916197e-07, -0.411000341)
			CFrameMon = CFrame.new(-6400.85889, 24.7645149, -5818.63574, -0.964845479, 8.65926566e-08, -0.262817472, 3.98261392e-07, 1, -1.13260398e-06, 0.262817472, -1.19745812e-06, -0.964845479)
			SPAWNPOINT = "CircleIslandIce"
		elseif MyLevel == 1175 or MyLevel <= 1199 or _G.Select_Mob_Farm == "Magma Ninja [Lv. 1175]" then -- Magma Ninja [Lv. 1175]
			Ms = "Magma Ninja [Lv. 1175]"
			NameQuest = "FireSideQuest"
			LevelQuest = 1
			NameMon = "Magma Ninja"
			CFrameQuest = CFrame.new(-5431.09473, 15.9868021, -5296.53223, 0.831796765, 1.15322464e-07, -0.555080295, -1.10814341e-07, 1, 4.17010995e-08, 0.555080295, 2.68240168e-08, 0.831796765)
			CFrameMon = CFrame.new(-5496.65576, 58.6890411, -5929.76855, -0.885073781, 0, -0.465450764, 0, 1.00000012, -0, 0.465450764, 0, -0.885073781)
			SPAWNPOINT = "CircleIslandFire"
		elseif MyLevel == 1200 or MyLevel <= 1249 or _G.Select_Mob_Farm == "Lava Pirate [Lv. 1200]" then -- Lava Pirate [Lv. 1200]
			Ms = "Lava Pirate [Lv. 1200]"
			NameQuest = "FireSideQuest"
			LevelQuest = 2
			NameMon = "Lava Pirate"
			CFrameQuest = CFrame.new(-5431.09473, 15.9868021, -5296.53223, 0.831796765, 1.15322464e-07, -0.555080295, -1.10814341e-07, 1, 4.17010995e-08, 0.555080295, 2.68240168e-08, 0.831796765)
			CFrameMon = CFrame.new(-5169.71729, 34.1234779, -4669.73633, -0.196780294, 0, 0.98044765, 0, 1.00000012, -0, -0.98044765, 0, -0.196780294)
			SPAWNPOINT = "CircleIslandFire"
		elseif MyLevel == 1250 or MyLevel <= 1274 or _G.Select_Mob_Farm == "Ship Deckhand [Lv. 1250]" then -- Ship Deckhand [Lv. 1250]
			Ms = "Ship Deckhand [Lv. 1250]"
			NameQuest = "ShipQuest1"
			LevelQuest = 1
			NameMon = "Ship Deckhand"
			CFrameQuest = CFrame.new(1037.80127, 125.092171, 32911.6016, -0.244533166, -0, -0.969640911, -0, 1.00000012, -0, 0.96964103, 0, -0.244533136)
			CFrameMon = CFrame.new(1163.80872, 138.288452, 33058.4258, -0.998580813, 5.49076979e-08, -0.0532564968, 5.57436763e-08, 1, -1.42118655e-08, 0.0532564968, -1.71604082e-08, -0.998580813)
			SPAWNPOINT = "Ship"
        elseif MyLevel == 1275 or MyLevel <= 1299 or _G.Select_Mob_Farm == "Ship Engineer [Lv. 1275]"  then -- Ship Engineer [Lv. 1275]
			Ms = "Ship Engineer [Lv. 1275]"
			NameQuest = "ShipQuest1"
			LevelQuest = 2
			NameMon = "Ship Engineer"
			CFrameQuest = CFrame.new(1037.80127, 125.092171, 32911.6016, -0.244533166, -0, -0.969640911, -0, 1.00000012, -0, 0.96964103, 0, -0.244533136)
			CFrameMon = CFrame.new(916.666504, 44.0920448, 32917.207, -0.99746871, -4.85034697e-08, -0.0711069331, -4.8925461e-08, 1, 4.19294288e-09, 0.0711069331, 7.66126895e-09, -0.99746871)
			SPAWNPOINT = "Ship"
        elseif MyLevel == 1300 or MyLevel <= 1324 or _G.Select_Mob_Farm == "Ship Steward [Lv. 1300]" then -- Ship Steward [Lv. 1300]
			Ms = "Ship Steward [Lv. 1300]"
			NameQuest = "ShipQuest2"
			LevelQuest = 1
			NameMon = "Ship Steward"
			CFrameQuest = CFrame.new(968.80957, 125.092171, 33244.125, -0.869560242, 1.51905191e-08, -0.493826836, 1.44108379e-08, 1, 5.38534195e-09, 0.493826836, -2.43357912e-09, -0.869560242)
			CFrameMon = CFrame.new(918.743286, 129.591064, 33443.4609, -0.999792814, -1.7070947e-07, -0.020350717, -1.72559169e-07, 1, 8.91351277e-08, 0.020350717, 9.2628369e-08, -0.999792814)
			SPAWNPOINT = "Ship"
        elseif MyLevel == 1325 or MyLevel <= 1349 or _G.Select_Mob_Farm == "Ship Officer [Lv. 1325]" then -- Ship Officer [Lv. 1325]
			Ms = "Ship Officer [Lv. 1325]"
			NameQuest = "ShipQuest2"
			LevelQuest = 2
			NameMon = "Ship Officer"
			CFrameQuest = CFrame.new(968.80957, 125.092171, 33244.125, -0.869560242, 1.51905191e-08, -0.493826836, 1.44108379e-08, 1, 5.38534195e-09, 0.493826836, -2.43357912e-09, -0.869560242)
			CFrameMon = CFrame.new(786.051941, 181.474106, 33303.2969, 0.999285698, -5.32193063e-08, 0.0377905183, 5.68968588e-08, 1, -9.62386864e-08, -0.0377905183, 9.83201005e-08, 0.999285698)
			SPAWNPOINT = "Ship"
        elseif MyLevel == 1350 or MyLevel <= 1374 or _G.Select_Mob_Farm == "Arctic Warrior [Lv. 1350]" then -- Arctic Warrior [Lv. 1350]
			Ms = "Arctic Warrior [Lv. 1350]"
			NameQuest = "FrostQuest"
			LevelQuest = 1
			NameMon = "Arctic Warrior"
			CFrameQuest = CFrame.new(5669.43506, 28.2117786, -6482.60107, 0.888092756, 1.02705066e-07, 0.459664226, -6.20391774e-08, 1, -1.03572376e-07, -0.459664226, 6.34646895e-08, 0.888092756)
			CFrameMon = CFrame.new(5995.07471, 57.3188477, -6183.47314, 0.702747107, -1.53454167e-07, -0.711440146, -1.08168464e-07, 1, -3.22542007e-07, 0.711440146, 3.03620908e-07, 0.702747107)
			SPAWNPOINT = "IceCastle"
			 if _G.AutoFarm and (CFrameQuest.Position - game.Players.LocalPlayer.Character.HumanoidRootPart.Position).Magnitude > 10000 then
                    game:GetService("ReplicatedStorage").Remotes.CommF_:InvokeServer("requestEntrance",Vector3.new(-6508.5581054688, 5000.034996032715, -132.83953857422))
                end
            elseif MyLevel == 1375 or MyLevel <= 1424 then
                Mon = "Snow Lurker [Lv. 1375]"
                LevelQuest = 2
                NameQuest = "FrostQuest"
                NameMon = "Snow Lurker"
                CFrameQuest = CFrame.new(5667.6582, 26.7997818, -6486.08984, -0.933587909, 0, -0.358349502, 0, 1, 0, 0.358349502, 0, -0.933587909)
                CFrameMon = CFrame.new(5407.07373046875, 69.19437408447266, -6880.88037109375)
		elseif MyLevel == 1425 or MyLevel <= 1449 then
                Mon = "Sea Soldier [Lv. 1425]"
                LevelQuest = 1
                NameQuest = "ForgottenQuest"
                NameMon = "Sea Soldier"
                CFrameQuest = CFrame.new(-3054.44458, 235.544281, -10142.8193, 0.990270376, -0, -0.13915664, 0, 1, -0, 0.13915664, 0, 0.990270376)
                CFrameMon = CFrame.new(-3028.2236328125, 64.67451477050781, -9775.4267578125)
            elseif MyLevel >= 1450 then
                Mon = "Water Fighter [Lv. 1450]"
                LevelQuest = 2
                NameQuest = "ForgottenQuest"
                NameMon = "Water Fighter"
                CFrameQuest = CFrame.new(-3054.44458, 235.544281, -10142.8193, 0.990270376, -0, -0.13915664, 0, 1, -0, 0.13915664, 0, 0.990270376)
                CFrameMon = CFrame.new(-3352.9013671875, 285.01556396484375, -10534.841796875)
            end
        elseif World3 then
            if MyLevel == 1500 or MyLevel <= 1524 then
                Mon = "Pirate Millionaire [Lv. 1500]"
                LevelQuest = 1
                NameQuest = "PiratePortQuest"
                NameMon = "Pirate Millionaire"
                CFrameQuest = CFrame.new(-290.074677, 42.9034653, 5581.58984, 0.965929627, -0, -0.258804798, 0, 1, -0, 0.258804798, 0, 0.965929627)
                CFrameMon = CFrame.new(-245.9963836669922, 47.30615234375, 5584.1005859375)
            elseif MyLevel == 1525 or MyLevel <= 1574 then
                Mon = "Pistol Billionaire [Lv. 1525]"
                LevelQuest = 2
                NameQuest = "PiratePortQuest"
                NameMon = "Pistol Billionaire"
                CFrameQuest = CFrame.new(-290.074677, 42.9034653, 5581.58984, 0.965929627, -0, -0.258804798, 0, 1, -0, 0.258804798, 0, 0.965929627)
                CFrameMon = CFrame.new(-187.3301544189453, 86.23987579345703, 6013.513671875)
            elseif MyLevel == 1575 or MyLevel <= 1599 then
                Mon = "Dragon Crew Warrior [Lv. 1575]"
                LevelQuest = 1
                NameQuest = "AmazonQuest"
                NameMon = "Dragon Crew Warrior"
                CFrameQuest = CFrame.new(5832.83594, 51.6806107, -1101.51563, 0.898790359, -0, -0.438378751, 0, 1, -0, 0.438378751, 0, 0.898790359)
                CFrameMon = CFrame.new(6141.140625, 51.35136413574219, -1340.738525390625)
                elseif MyLevel == 1600 or MyLevel <= 1624 then 
                Mon = "Dragon Crew Archer [Lv. 1600]"
                NameQuest = "AmazonQuest"
                LevelQuest = 2
                NameMon = "Dragon Crew Archer"
                CFrameQuest = CFrame.new(5833.1147460938, 51.60498046875, -1103.0693359375)
                CFrameMon = CFrame.new(6616.41748046875, 441.7670593261719, 446.0469970703125)
            elseif MyLevel == 1625 or MyLevel <= 1649 then
                Mon = "Female Islander"
                NameQuest = "AmazonQuest2"
                LevelQuest = 1
                NameMon = "Female Islander"
                CFrameQuest = CFrame.new(5446.8793945313, 601.62945556641, 749.45672607422)
                CFrameMon = CFrame.new(4685.25830078125, 735.8078002929688, 815.3425903320312)
            elseif MyLevel == 1650 or MyLevel <= 1699 then 
                Mon = "Giant Islander [Lv. 1650]"
                NameQuest = "AmazonQuest2"
                LevelQuest = 2
                NameMon = "Giant Islander"
                CFrameQuest = CFrame.new(5446.8793945313, 601.62945556641, 749.45672607422)
                CFrameMon = CFrame.new(4729.09423828125, 590.436767578125, -36.97627639770508)
            elseif MyLevel == 1700 or MyLevel <= 1724 then
                Mon = "Marine Commodore"
                LevelQuest = 1
                NameQuest = "MarineTreeIsland"
                NameMon = "Marine Commodore"
                CFrameQuest = CFrame.new(2180.54126, 27.8156815, -6741.5498, -0.965929747, 0, 0.258804798, 0, 1, 0, -0.258804798, 0, -0.965929747)
                CFrameMon = CFrame.new(2286.0078125, 73.13391876220703, -7159.80908203125)
            elseif MyLevel == 1725 or MyLevel <= 1774 then
                Mon = "Marine Rear Admiral [Lv. 1725]"
                NameMon = "Marine Rear Admiral"
                NameQuest = "MarineTreeIsland"
                LevelQuest = 2
                CFrameQuest = CFrame.new(2179.98828125, 28.731239318848, -6740.0551757813)
                CFrameMon = CFrame.new(3656.773681640625, 160.52406311035156, -7001.5986328125)
            elseif MyLevel == 1775 or MyLevel <= 1799 then
                Mon = "Fishman Raider"
                LevelQuest = 1
                NameQuest = "DeepForestIsland3"
                NameMon = "Fishman Raider"
                CFrameQuest = CFrame.new(-10581.6563, 330.872955, -8761.18652, -0.882952213, 0, 0.469463557, 0, 1, 0, -0.469463557, 0, -0.882952213)   
                CFrameMon = CFrame.new(-10407.5263671875, 331.76263427734375, -8368.5166015625)
            elseif MyLevel == 1800 or MyLevel <= 1824 then
                Mon = "Fishman Captain"
                LevelQuest = 2
                NameQuest = "DeepForestIsland3"
                NameMon = "Fishman Captain"
                CFrameQuest = CFrame.new(-10581.6563, 330.872955, -8761.18652, -0.882952213, 0, 0.469463557, 0, 1, 0, -0.469463557, 0, -0.882952213)   
                CFrameMon = CFrame.new(-10994.701171875, 352.38140869140625, -9002.1103515625) 
            elseif MyLevel == 1825 or MyLevel <= 1849 then
                Mon = "Forest Pirate"
                LevelQuest = 1
                NameQuest = "DeepForestIsland"
                NameMon = "Forest Pirate"
                CFrameQuest = CFrame.new(-13234.04, 331.488495, -7625.40137, 0.707134247, -0, -0.707079291, 0, 1, -0, 0.707079291, 0, 0.707134247)
                CFrameMon = CFrame.new(-13274.478515625, 332.3781433105469, -7769.58056640625)
            elseif MyLevel == 1850 or MyLevel <= 1899 then
	    Mon = "Mythological Pirate"
                LevelQuest = 2
                NameQuest = "DeepForestIsland"
                NameMon = "Mythological Pirate"
                CFrameQuest = CFrame.new(-13234.04, 331.488495, -7625.40137, 0.707134247, -0, -0.707079291, 0, 1, -0, 0.707079291, 0, 0.707134247)   
                CFrameMon = CFrame.new(-13680.607421875, 501.08154296875, -6991.189453125)
            elseif MyLevel == 1900 or MyLevel <= 1924 then
                Mon = "Jungle Pirate"
                LevelQuest = 1
                NameQuest = "DeepForestIsland2"
                NameMon = "Jungle Pirate"
                CFrameQuest = CFrame.new(-12680.3818, 389.971039, -9902.01953, -0.0871315002, 0, 0.996196866, 0, 1, 0, -0.996196866, 0, -0.0871315002)
                CFrameMon = CFrame.new(-12256.16015625, 331.73828125, -10485.8369140625)
            elseif MyLevel == 1925 or MyLevel <= 1974 then
                Mon = "Musketeer Pirate"
                LevelQuest = 2
                NameQuest = "DeepForestIsland2"
                NameMon = "Musketeer Pirate"
                CFrameQuest = CFrame.new(-12680.3818, 389.971039, -9902.01953, -0.0871315002, 0, 0.996196866, 0, 1, 0, -0.996196866, 0, -0.0871315002)
                CFrameMon = CFrame.new(-13457.904296875, 391.545654296875, -9859.177734375)
                Ms = "Musketeer Pirate [Lv. 1925]"
			NameQuest = "DeepForestIsland2"
			LevelQuest = 2
			NameMon = "Musketeer Pirate"
			CFrameQuest = CFrame.new(-12680.3818, 389.971039, -9902.01953, -0.0871315002, 0, 0.996196866, 0, 1, 0, -0.996196866, 0, -0.0871315002)
			CFrameMon = CFrame.new(-13282.3046875, 496.23684692383, -9565.150390625)
			SPAWNPOINT = "PineappleTown"
		elseif MyLevel == 1975 or MyLevel <= 1999 or _G.Select_Mob_Farm == "Reborn Skeleton [Lv. 1975]" then
			Ms = "Reborn Skeleton [Lv. 1975]"
			NameQuest = "HauntedQuest1"
			LevelQuest = 1
			NameMon = "Reborn Skeleton"
			CFrameQuest = CFrame.new(-9479.2168, 141.215088, 5566.09277, 0, 0, 1, 0, 1, -0, -1, 0, 0)
			CFrameMon = CFrame.new(-8761.3154296875, 164.85829162598, 6161.1567382813)
			SPAWNPOINT = "HauntedCastle"
		elseif MyLevel == 2000 or MyLevel <= 2024 or _G.Select_Mob_Farm == "Living Zombie [Lv. 2000]" then
			Ms = "Living Zombie [Lv. 2000]"
			NameQuest = "HauntedQuest1"
			LevelQuest = 2
			NameMon = "Living Zombie"
			CFrameQuest = CFrame.new(-9479.2168, 141.215088, 5566.09277, 0, 0, 1, 0, 1, -0, -1, 0, 0)
			CFrameMon = CFrame.new(-10093.930664063, 237.38233947754, 6180.5654296875)
			SPAWNPOINT = "HauntedCastle"
		elseif MyLevel == 2025 or MyLevel <= 2049 or _G.Select_Mob_Farm == "Demonic Soul [Lv. 2025]" then
			Ms = "Demonic Soul [Lv. 2025]"
			NameQuest = "HauntedQuest2"
			LevelQuest = 1
			NameMon = "Demonic Soul"
			CFrameQuest = CFrame.new(-9514.78027, 171.162918, 6078.82373, 0.301918149, 7.4535027e-09, 0.953333855, -3.22802141e-09, 1, -6.79604995e-09, -0.953333855, -1.02553133e-09, 0.301918149)
			CFrameMon = CFrame.new(-9466.72949, 171.162918, 6132.01514)
			SPAWNPOINT = "HauntedCastle"
		elseif MyLevel == 2050 or MyLevel <= 2074 or _G.Select_Mob_Farm == "Posessed Mummy [Lv. 2050]" then
			Ms = "Posessed Mummy [Lv. 2050]" 
			NameQuest = "HauntedQuest2"
			LevelQuest = 2
			NameMon = "Posessed Mummy"
			CFrameQuest = CFrame.new(-9514.78027, 171.162918, 6078.82373, 0.301918149, 7.4535027e-09, 0.953333855, -3.22802141e-09, 1, -6.79604995e-09, -0.953333855, -1.02553133e-09, 0.301918149)
			CFrameMon = CFrame.new(-9589.93848, 4.85058546, 6190.27197)
			SPAWNPOINT = "HauntedCastle"
		elseif MyLevel == 2075 or MyLevel <= 2099 or _G.Select_Mob_Farm == "Peanut Scout [Lv. 2075]" then
            Ms = "Peanut Scout [Lv. 2075]"
            NameQuest = "NutsIslandQuest"
            LevelQuest = 1
            NameMon = "Peanut Scout"
            CFrameQuest = CFrame.new(-2103.9375, 38.139019012451, -10192.702148438)
            CFrameMon = CFrame.new(-2150.587890625, 122.49767303467, -10358.994140625)
	    SPAWNPOINT = "Peanut"
		elseif MyLevel == 2100 or MyLevel <= 2124 or _G.Select_Mob_Farm == "Peanut President [Lv. 2100]" then
            Ms = "Peanut President [Lv. 2100]"
            NameQuest = "NutsIslandQuest"
            LevelQuest = 2
            NameMon = "Peanut President"
            CFrameQuest = CFrame.new(-2103.9375, 38.139019012451, -10192.702148438)
            CFrameMon = CFrame.new(-2150.587890625, 122.49767303467, -10358.994140625)
			SPAWNPOINT = "Peanut"
		elseif MyLevel == 2125 or MyLevel <= 2149 or _G.Select_Mob_Farm == "Ice Cream Chef [Lv. 2125]" then
            Ms = "Ice Cream Chef [Lv. 2125]"
            NameQuest = "IceCreamIslandQuest"
            LevelQuest = 1
            NameMon = "Ice Cream Chef"
            CFrameQuest = CFrame.new(-819.84533691406, 65.845329284668, -10965.487304688)
            CFrameMon = CFrame.new(-890.55895996094, 186.34135437012, -11127.306640625)
			SPAWNPOINT = "IceCream"
			elseif MyLevel == 2050 or MyLevel <= 2074 then
                Mon = "Posessed Mummy [Lv. 2050]"
                LevelQuest = 2
                NameQuest = "HauntedQuest2"
                NameMon = "Posessed Mummy"
                CFrameQuest = CFrame.new(-9516.99316, 172.017181, 6078.46533, 0, 0, -1, 0, 1, 0, 1, 0, 0)
                CFrameMon = CFrame.new(-9582.0224609375, 6.251527309417725, 6205.478515625)
            elseif MyLevel == 2075 or MyLevel <= 2099 then
                Mon = "Peanut Scout [Lv. 2075]"
                LevelQuest = 1
                NameQuest = "NutsIslandQuest"
                NameMon = "Peanut Scout"
                CFrameQuest = CFrame.new(-2104.3908691406, 38.104167938232, -10194.21875, 0, 0, -1, 0, 1, 0, 1, 0, 0)
                CFrameMon = CFrame.new(-2143.241943359375, 47.72198486328125, -10029.9951171875)
            elseif MyLevel == 2100 or MyLevel <= 2124 then
                Mon = "Peanut President [Lv. 2100]"
                LevelQuest = 2
                NameQuest = "NutsIslandQuest"
                NameMon = "Peanut President"
                CFrameQuest = CFrame.new(-2104.3908691406, 38.104167938232, -10194.21875, 0, 0, -1, 0, 1, 0, 1, 0, 0)
                CFrameMon = CFrame.new(-1859.35400390625, 38.10316848754883, -10422.4296875)
            elseif MyLevel == 2125 or MyLevel <= 2149 then
                Mon = "Ice Cream Chef [Lv. 2125]"
                LevelQuest = 1
                NameQuest = "IceCreamIslandQuest"
                NameMon = "Ice Cream Chef"
                CFrameQuest = CFrame.new(-820.64825439453, 65.819526672363, -10965.795898438, 0, 0, -1, 0, 1, 0, 1, 0, 0)
                CFrameMon = CFrame.new(-872.24658203125, 65.81957244873047, -10919.95703125)
            elseif MyLevel == 2150 or MyLevel <= 2199 then
                Mon = "Ice Cream Commander [Lv. 2150]"
                LevelQuest = 2
                NameQuest = "IceCreamIslandQuest"
                NameMon = "Ice Cream Commander"
                CFrameQuest = CFrame.new(-820.64825439453, 65.819526672363, -10965.795898438, 0, 0, -1, 0, 1, 0, 1, 0, 0)
                CFrameMon = CFrame.new(-558.06103515625, 112.04895782470703, -11290.7744140625)
            elseif MyLevel == 2200 or MyLevel <= 2224 then
                Mon = "Cookie Crafter [Lv. 2200]"
                LevelQuest = 1
                NameQuest = "CakeQuest1"
